100
14017828
13464518
13463981
13463893
13467272
13462806
20235195
14014679
13464339
13467864
14011388
13466862
13467033
14017894
13467348
13464535
13464362
13459922
30062733
13458494
14018052
13461631
13465112
13466747
13462570
20056816
13459458
14024860
13462071
13462991
13468657
13457760
13459339
13461912
14013475
13460209
13464788
13465105
13462397
14013504
13466940
13456681
13464161
14015216
13464272
13464670
13453040
13467061
13466020
13466252
13459998
14020452
13457603
13467533
14013714
13464030
20036346
13464670
13462292
13466947
13461595
13463845
13457413
13464794
13460538
14018354
13454237
13453845
13463230
14020535
14016656
14016303
13460182
13465801
13463200
13462791
13457245
13453305
13463957
13456236
13455890
20079217
13462687
30026395
13464315
13462638
13461912
13465385
13463384
14017359
13467515
14012737
13461385
13467715
13461737
13466826
13454148
13464866
13468150
13462155
13456093
14018392
14016587
13458417
14022068
13458089
13462395
14018099
13468217
13460367
13459668
14020036
14020579
13466974
14018189
14036661
13464317
13464964
13468060
13465142
13463801
14003675
13465371
13468645
14018320
13453042
13462884
13464845
13464848
13463135
13464489
13468434
20060257
13465505
20080666
13460572
14018451
14016700
13466892
14014915
13467616
13468240
13462518
13466313
13462321
13456619
13461100
13465157
13462353
13453042
13466425
13467828
14017684
20014805
13462768
13463314
13465822
14023058
13462345
13462837
13453042
14020208
14004181
13453521
13463251
14016303
13457156
13457915
13463804
13462920
13465876
13465427
13468466
13456515
14668381
13460811
13464742
13458556
13467743
13459675
13461728
14621485
13461442
14014289
13460796
13461525
13465370
14674704
13455661
13462509
13462345
13462188
13456416
13465238
13455032
13465151
13464495
13467292
13465569
13460674
